county,year,registered_pct,democrat_pct,republican_pct,american_independent_pct,green_pct,liberterian_pct,peace_and_freedom_pct,no_party_pct,other_party_pct
 Alameda,2014,78.52318241100161,55.470516910746696,13.380564588352218,2.0419921647057957,1.2373327567631316,0.5171932988455902,0.3606839727816277,21.249642202973185,5.742074104831764
 Alpine,2014,87.01594533029613,36.64921465968586,29.84293193717277,3.926701570680628,1.7015706806282722,0.7853403141361256,0.13089005235602094,26.04712041884817,0.9162303664921465
 Amador,2014,78.20855112247584,31.09433599384556,44.16290027887297,4.370612558899895,0.5721704010000962,1.0770266371766515,0.23559957688239255,18.203673430137513,0.2836811231849216
 Butte,2014,70.024791122871,33.0144762261389,36.155672621124566,3.5445903508846586,1.2306068781222608,1.0595474158106601,0.427223134728475,23.10068679097555,1.4671965822149222
 Calaveras,2014,76.305922814535,30.220186197724253,41.909265553421015,4.706664696320378,0.8866558297620807,1.363233338259199,0.36574552977685826,19.66898182355549,0.8792670311807299
 Colusa,2014,61.76805465191932,33.46938775510204,43.98946675444371,2.6596445029624753,0.2764976958525346,0.4739960500329164,0.17116524028966426,18.933508887425937,0.026333113890717574
 Contra Costa,2014,73.40086407814272,49.071411375092175,23.910706872333044,2.6594201936984496,0.634477110863833,0.5992178510428969,0.22255038188053175,22.6408048210403,0.26141139404876773
 Del Norte,2014,69.85153125513615,32.57254901960784,35.67058823529411,4.650980392156863,0.7607843137254903,0.9254901960784314,0.4313725490196078,23.599999999999998,1.388235294117647
 El Dorado,2014,78.79549323174191,28.56047357641844,42.925811972206375,4.138182566327819,0.7930347607335572,1.1381171035527584,0.2833602977621083,21.273531529678017,0.8874881933209267
 Fresno,2014,72.79724497198647,39.96969500495878,36.780706620272646,2.6349977067139254,0.36356388662762074,0.5201316898516688,0.2660692116138731,18.263202003683666,1.2016338762778167
 Glenn,2014,65.88918090232151,29.55791922885159,43.76765830147914,3.7975735416320426,0.3074621904603623,0.7229516370284195,0.349011135117168,21.322918397872694,0.174505567558584
 Humboldt,2014,72.60500348658383,40.952268182296606,24.969740027365543,3.308862225028944,3.6996105673087047,1.0604146931901905,0.4802126091990317,25.180244184822648,0.34864751078833806
 Imperial,2014,62.16460498796624,49.155522494040476,22.091666807553807,2.4379110382254985,0.23669039206072798,0.4158988317638506,0.4311146426820403,24.59044108945206,0.6407547042215421
 Inyo,2014,69.50541410594089,30.473684210526315,42.305263157894736,4.2631578947368425,0.8421052631578947,0.8421052631578947,0.27368421052631575,20.45263157894737,0.5473684210526315
 Kern,2014,66.72129238011463,36.078837424900975,38.99791709308065,3.2905113355888123,0.24410946699254726,0.6715267828118039,0.29257016265937846,20.305031484402278,0.11949624956355273
 Kings,2014,62.30517929315755,35.856251683902926,44.53586454166753,2.530517502227933,0.18652463161385255,0.5201964726119666,0.17616215207974964,15.889826117593417,0.3046568983026258
 Lake,2014,68.25157437789146,38.86947953059213,26.447490220669472,4.165546895995701,1.4303204037146526,1.1376870017020515,0.5255457015736511,27.179073725700974,0.24485652005136016
 Lassen,2014,75.0844299522534,23.575029081039162,48.09616130283055,5.319891430787127,0.2869329197363319,0.7832493214424194,0.31019775106630476,21.00814269096549,0.6203955021326095
 Los Angeles,2014,80.34215723584065,50.50498018034204,20.626205232226365,2.2737225942059016,0.5118912843526277,0.5716514067720653,0.7350678809248425,23.850495568012104,0.9259858531640504
 Madera,2014,61.0565739276077,33.05901626852592,43.00872480664457,3.150836286051739,0.3924258010439288,0.5848287423324571,0.28193698327427896,19.190764658818154,0.3314664533089496
 Marin,2014,84.20433863510473,54.23423907206531,17.611561593813768,2.2144506497690903,1.3854580603587154,0.5933841692621631,0.1852647406293631,23.42457845559016,0.35106325851143805
 Mariposa,2014,68.67887508175278,29.20674221502714,43.833920578992476,4.542424530997049,1.0570421864584325,1.0284734787163126,0.2761641748404914,18.28397295495667,1.7712598800114276
 Mendocino,2014,73.75628842929011,45.51387310008,21.12753147235906,3.5619552860932173,3.770367563471012,0.9683802787251063,0.591554039829902,24.076880973432697,0.38945728600901014
 Merced,2014,63.10375375176845,42.37836818505637,32.81439886016008,3.1314168377823406,0.5175376105267568,0.5856346645434355,0.3551523278716004,19.9828185894481,0.23467292461132297
 Modoc,2014,74.92068070377849,24.427333974975937,49.528392685274305,5.178055822906641,0.5004812319538018,0.8469682386910491,0.21174205967276227,19.17228103946102,0.1347449470644851
 Mono,2014,60.32174364296834,32.82863041982106,34.6180316586373,4.335856847900894,0.9979353062629044,0.7226428079834825,0.3097040605643496,26.169993117687547,0.017205781142463867
 Monterey,2014,70.27651625980062,50.314063150527055,23.914656883745348,2.38700062148904,0.6540719599833466,0.5539096487681846,0.2793683740519275,21.75030621911411,0.14662314232099005
 Napa,2014,77.01543739279589,45.8059665498702,26.009674719475694,3.1322258947696935,1.1164229072390166,0.7390804760756388,0.27946037195182505,22.2802264054587,0.6369426751592357
 Nevada,2014,80.39775318971472,32.46717458259037,35.96531042308316,3.8579996757983466,2.2305073755876155,1.1752309936780678,0.3112335872912952,23.76560220457124,0.22694115739990273
 Orange,2014,72.52543224763679,31.934060563847055,40.71798098041308,2.667502682177423,0.3958669190628388,0.8467114538805911,0.25241957680576543,22.82870014098985,0.356757682823392
 Placer,2014,77.20683690882966,27.49947610541757,46.12617377333826,2.3934498208779473,0.5263893185378851,1.3631238087635091,0.23400624681921148,21.508616818512937,0.348764107732684
 Plumas,2014,77.33185175501667,30.14115459386358,42.397092384413824,5.122136759361,0.7015467838728764,0.9635702814639506,0.36345194827149013,20.260333023413068,0.05071422534020793
 Riverside,2014,63.94418138968459,35.48551720270308,39.57390012057314,3.1089925132490257,0.30047948854555145,0.6371870005327651,0.3542046378599669,19.722289207301685,0.8174298292347811
 Sacramento,2014,71.12927525616162,43.15508928780397,30.52197673602172,3.009806445573057,0.5766260210171554,0.7446989023334192,0.8061354646944555,20.965226905703656,0.22044023685257566
 San Benito,2014,70.10175174885819,45.49090759143953,28.76170054843099,2.5318543565213805,0.5484309925363903,0.5649251577254546,0.2474124778359655,20.221846521792916,1.6329223537173725
 San Bernardino,2014,66.86776311863854,38.18270626194692,34.56458029034243,3.634329164337947,0.36504149426313043,0.6400261129714777,0.47235829251224637,21.894505473861198,0.2464529097646545
 San Diego,2014,72.42618089268834,34.668800794350595,32.71511722618564,3.424990497270713,0.5053254070658934,0.8316504236795084,0.275385216080428,27.208835081749328,0.36989535361788944
 San Francisco,2014,69.36554075012072,55.660560016964624,8.300679506919538,1.758927171978868,1.5646176966836005,0.641474815832419,0.32684559426890775,31.19300946884134,0.5538857285107089
 San Joaquin,2014,69.39534992242093,42.387156425989744,34.672270320248806,2.6951332268639154,0.29082962091283515,0.5352609901655879,0.31100277380852315,18.64201059090527,0.46633605110532067
 San Luis Obispo,2014,74.1061204343534,33.097329807711525,39.42546573508549,2.9286194792825313,0.8572056560920215,0.8925062775161684,0.22112842099654323,21.37019695082557,1.2075476724901593
 San Mateo,2014,72.45317310415508,50.748035703237925,18.651679705735127,2.1676162408112534,0.690105118701455,0.5573709638411914,0.2193488152351813,26.716685695645083,0.24915775679278285
 Santa Barbara,2014,70.06441011925297,40.30091676057625,29.544462380328735,2.6990121727124134,0.7654900049746698,0.7690433405415283,0.24010396044629895,24.572838302926932,1.1081330774931726
 Santa Clara,2014,69.56312222352722,44.42856752683419,21.86946773564808,2.1133405007063915,0.5296076235689049,0.6367457808919158,0.2706386824613719,29.964792142043102,0.18684000784603888
 Santa Cruz,2014,75.76286705990077,53.855504651620336,16.133814890806374,2.419966834368588,1.9344276117934736,0.9197841423311504,0.37241069170016017,23.85325613423649,0.5108350431434273
 Shasta,2014,72.43618665818533,25.550121001092585,45.12268591792348,4.006820989860415,0.46766667007035423,0.9782198033349331,0.3359439616880929,23.121930299286248,0.4166113567438964
 Sierra,2014,89.08872901678657,27.949753252579633,40.46657694033199,6.191117092866756,1.031852848811126,1.3010318528488112,0.2691790040376851,20.323014804845222,2.46747420367878
 Siskiyou,2014,70.59425355955324,31.151368760064415,39.92351046698872,4.569243156199678,0.7971014492753623,1.1151368760064413,0.3743961352657005,21.83977455716586,0.22946859903381642
 Solano,2014,70.43684519850362,48.024202211374636,24.38957366335743,2.897870065501856,0.4266863855066526,0.6010582222066781,0.26530500082439407,22.92564964750908,0.4696548037192663
 Sonoma,2014,71.51700974827679,51.54920473884016,21.09937491818301,2.5641445215342324,1.7210204215211415,0.7874885456211546,0.2978138499803639,21.3419622987302,0.6389907055897368
 Stanislaus,2014,65.55806174195938,36.825716939997854,41.251301299198445,2.8047374293330347,0.2829012786577595,0.5835422414557745,0.2707636000354794,16.932061678080753,1.0489755332409003
 Sutter,2014,69.59488843541966,31.91693905018266,43.29696212266872,3.287829263603153,0.2908094597192848,0.6681407421649682,0.3412805229763507,18.239280907517784,1.9587579311670833
 Tehama,2014,68.99398540947242,28.681759421923164,43.1568828930359,5.131094832443899,0.40107395008120916,0.9148463654744936,0.36461268189200835,20.94865590506812,0.40107395008120916
 Trinity,2014,65.04644242041662,32.8018854845418,33.55053375849161,5.115763205323721,1.6082074032995979,1.3309302647996673,0.4436434215998891,23.624012200194095,1.5250242617496186
 Tulare,2014,53.73505354188131,31.42089400486583,45.93412977958531,3.412614837140056,0.31301063945677043,0.5911616253313483,0.307926939976034,17.824902865027777,0.19535930861687062
 Tuolumne,2014,73.79565907887772,31.43403702944593,41.934822709571634,4.256336681013869,0.744688119150099,0.9530641524902643,0.30402404864384774,20.164651226344198,0.20837603334016536
 Ventura,2014,79.88504156913093,39.20644523673175,34.19702399645318,2.628710767923448,0.536641235475588,0.7179077457373506,0.2570058928934292,21.133827794506125,1.3224373302791275
 Yolo,2014,71.71035354073064,46.50308813049331,23.15108084567266,2.8396943542639956,1.0382848998337162,0.7710428379127405,0.45035236360756986,24.83668540660385,0.4097711616121625
 Yuba,2014,56.249085779960296,30.38858756222602,38.84018129132922,4.944646704807192,0.5052381306189166,0.9250315773831637,0.35292369418233155,23.865071699234715,0.17831934021844117
 Alameda,2015,78.52318241100161,55.470516910746696,13.380564588352218,2.0419921647057957,1.2373327567631316,0.5171932988455902,0.3606839727816277,21.249642202973185,5.742074104831764
 Alpine,2015,87.01594533029613,36.64921465968586,29.84293193717277,3.926701570680628,1.7015706806282722,0.7853403141361256,0.13089005235602094,26.04712041884817,0.9162303664921465
 Amador,2015,78.20855112247584,31.09433599384556,44.16290027887297,4.370612558899895,0.5721704010000962,1.0770266371766515,0.23559957688239255,18.203673430137513,0.2836811231849216
 Butte,2015,70.024791122871,33.0144762261389,36.155672621124566,3.5445903508846586,1.2306068781222608,1.0595474158106601,0.427223134728475,23.10068679097555,1.4671965822149222
 Calaveras,2015,76.305922814535,30.220186197724253,41.909265553421015,4.706664696320378,0.8866558297620807,1.363233338259199,0.36574552977685826,19.66898182355549,0.8792670311807299
 Colusa,2015,61.76805465191932,33.46938775510204,43.98946675444371,2.6596445029624753,0.2764976958525346,0.4739960500329164,0.17116524028966426,18.933508887425937,0.026333113890717574
 Contra Costa,2015,73.40086407814272,49.071411375092175,23.910706872333044,2.6594201936984496,0.634477110863833,0.5992178510428969,0.22255038188053175,22.6408048210403,0.26141139404876773
 Del Norte,2015,69.85153125513615,32.57254901960784,35.67058823529411,4.650980392156863,0.7607843137254903,0.9254901960784314,0.4313725490196078,23.599999999999998,1.388235294117647
 El Dorado,2015,78.79549323174191,28.56047357641844,42.925811972206375,4.138182566327819,0.7930347607335572,1.1381171035527584,0.2833602977621083,21.273531529678017,0.8874881933209267
 Fresno,2015,72.79724497198647,39.96969500495878,36.780706620272646,2.6349977067139254,0.36356388662762074,0.5201316898516688,0.2660692116138731,18.263202003683666,1.2016338762778167
 Glenn,2015,65.88918090232151,29.55791922885159,43.76765830147914,3.7975735416320426,0.3074621904603623,0.7229516370284195,0.349011135117168,21.322918397872694,0.174505567558584
 Humboldt,2015,72.60500348658383,40.952268182296606,24.969740027365543,3.308862225028944,3.6996105673087047,1.0604146931901905,0.4802126091990317,25.180244184822648,0.34864751078833806
 Imperial,2015,62.16460498796624,49.155522494040476,22.091666807553807,2.4379110382254985,0.23669039206072798,0.4158988317638506,0.4311146426820403,24.59044108945206,0.6407547042215421
 Inyo,2015,69.50541410594089,30.473684210526315,42.305263157894736,4.2631578947368425,0.8421052631578947,0.8421052631578947,0.27368421052631575,20.45263157894737,0.5473684210526315
 Kern,2015,66.72129238011463,36.078837424900975,38.99791709308065,3.2905113355888123,0.24410946699254726,0.6715267828118039,0.29257016265937846,20.305031484402278,0.11949624956355273
 Kings,2015,62.30517929315755,35.856251683902926,44.53586454166753,2.530517502227933,0.18652463161385255,0.5201964726119666,0.17616215207974964,15.889826117593417,0.3046568983026258
 Lake,2015,68.25157437789146,38.86947953059213,26.447490220669472,4.165546895995701,1.4303204037146526,1.1376870017020515,0.5255457015736511,27.179073725700974,0.24485652005136016
 Lassen,2015,75.0844299522534,23.575029081039162,48.09616130283055,5.319891430787127,0.2869329197363319,0.7832493214424194,0.31019775106630476,21.00814269096549,0.6203955021326095
 Los Angeles,2015,80.34215723584065,50.50498018034204,20.626205232226365,2.2737225942059016,0.5118912843526277,0.5716514067720653,0.7350678809248425,23.850495568012104,0.9259858531640504
 Madera,2015,61.0565739276077,33.05901626852592,43.00872480664457,3.150836286051739,0.3924258010439288,0.5848287423324571,0.28193698327427896,19.190764658818154,0.3314664533089496
 Marin,2015,84.20433863510473,54.23423907206531,17.611561593813768,2.2144506497690903,1.3854580603587154,0.5933841692621631,0.1852647406293631,23.42457845559016,0.35106325851143805
 Mariposa,2015,68.67887508175278,29.20674221502714,43.833920578992476,4.542424530997049,1.0570421864584325,1.0284734787163126,0.2761641748404914,18.28397295495667,1.7712598800114276
 Mendocino,2015,73.75628842929011,45.51387310008,21.12753147235906,3.5619552860932173,3.770367563471012,0.9683802787251063,0.591554039829902,24.076880973432697,0.38945728600901014
 Merced,2015,63.10375375176845,42.37836818505637,32.81439886016008,3.1314168377823406,0.5175376105267568,0.5856346645434355,0.3551523278716004,19.9828185894481,0.23467292461132297
 Modoc,2015,74.92068070377849,24.427333974975937,49.528392685274305,5.178055822906641,0.5004812319538018,0.8469682386910491,0.21174205967276227,19.17228103946102,0.1347449470644851
 Mono,2015,60.32174364296834,32.82863041982106,34.6180316586373,4.335856847900894,0.9979353062629044,0.7226428079834825,0.3097040605643496,26.169993117687547,0.017205781142463867
 Monterey,2015,70.27651625980062,50.314063150527055,23.914656883745348,2.38700062148904,0.6540719599833466,0.5539096487681846,0.2793683740519275,21.75030621911411,0.14662314232099005
 Napa,2015,77.01543739279589,45.8059665498702,26.009674719475694,3.1322258947696935,1.1164229072390166,0.7390804760756388,0.27946037195182505,22.2802264054587,0.6369426751592357
 Nevada,2015,80.39775318971472,32.46717458259037,35.96531042308316,3.8579996757983466,2.2305073755876155,1.1752309936780678,0.3112335872912952,23.76560220457124,0.22694115739990273
 Orange,2015,72.52543224763679,31.934060563847055,40.71798098041308,2.667502682177423,0.3958669190628388,0.8467114538805911,0.25241957680576543,22.82870014098985,0.356757682823392
 Placer,2015,77.20683690882966,27.49947610541757,46.12617377333826,2.3934498208779473,0.5263893185378851,1.3631238087635091,0.23400624681921148,21.508616818512937,0.348764107732684
 Plumas,2015,77.33185175501667,30.14115459386358,42.397092384413824,5.122136759361,0.7015467838728764,0.9635702814639506,0.36345194827149013,20.260333023413068,0.05071422534020793
 Riverside,2015,63.94418138968459,35.48551720270308,39.57390012057314,3.1089925132490257,0.30047948854555145,0.6371870005327651,0.3542046378599669,19.722289207301685,0.8174298292347811
 Sacramento,2015,71.12927525616162,43.15508928780397,30.52197673602172,3.009806445573057,0.5766260210171554,0.7446989023334192,0.8061354646944555,20.965226905703656,0.22044023685257566
 San Benito,2015,70.10175174885819,45.49090759143953,28.76170054843099,2.5318543565213805,0.5484309925363903,0.5649251577254546,0.2474124778359655,20.221846521792916,1.6329223537173725
 San Bernardino,2015,66.86776311863854,38.18270626194692,34.56458029034243,3.634329164337947,0.36504149426313043,0.6400261129714777,0.47235829251224637,21.894505473861198,0.2464529097646545
 San Diego,2015,72.42618089268834,34.668800794350595,32.71511722618564,3.424990497270713,0.5053254070658934,0.8316504236795084,0.275385216080428,27.208835081749328,0.36989535361788944
 San Francisco,2015,69.36554075012072,55.660560016964624,8.300679506919538,1.758927171978868,1.5646176966836005,0.641474815832419,0.32684559426890775,31.19300946884134,0.5538857285107089
 San Joaquin,2015,69.39534992242093,42.387156425989744,34.672270320248806,2.6951332268639154,0.29082962091283515,0.5352609901655879,0.31100277380852315,18.64201059090527,0.46633605110532067
 San Luis Obispo,2015,74.1061204343534,33.097329807711525,39.42546573508549,2.9286194792825313,0.8572056560920215,0.8925062775161684,0.22112842099654323,21.37019695082557,1.2075476724901593
 San Mateo,2015,72.45317310415508,50.748035703237925,18.651679705735127,2.1676162408112534,0.690105118701455,0.5573709638411914,0.2193488152351813,26.716685695645083,0.24915775679278285
 Santa Barbara,2015,70.06441011925297,40.30091676057625,29.544462380328735,2.6990121727124134,0.7654900049746698,0.7690433405415283,0.24010396044629895,24.572838302926932,1.1081330774931726
 Santa Clara,2015,69.56312222352722,44.42856752683419,21.86946773564808,2.1133405007063915,0.5296076235689049,0.6367457808919158,0.2706386824613719,29.964792142043102,0.18684000784603888
 Santa Cruz,2015,75.76286705990077,53.855504651620336,16.133814890806374,2.419966834368588,1.9344276117934736,0.9197841423311504,0.37241069170016017,23.85325613423649,0.5108350431434273
 Shasta,2015,72.43618665818533,25.550121001092585,45.12268591792348,4.006820989860415,0.46766667007035423,0.9782198033349331,0.3359439616880929,23.121930299286248,0.4166113567438964
 Sierra,2015,89.08872901678657,27.949753252579633,40.46657694033199,6.191117092866756,1.031852848811126,1.3010318528488112,0.2691790040376851,20.323014804845222,2.46747420367878
 Siskiyou,2015,70.59425355955324,31.151368760064415,39.92351046698872,4.569243156199678,0.7971014492753623,1.1151368760064413,0.3743961352657005,21.83977455716586,0.22946859903381642
 Solano,2015,70.43684519850362,48.024202211374636,24.38957366335743,2.897870065501856,0.4266863855066526,0.6010582222066781,0.26530500082439407,22.92564964750908,0.4696548037192663
 Sonoma,2015,71.51700974827679,51.54920473884016,21.09937491818301,2.5641445215342324,1.7210204215211415,0.7874885456211546,0.2978138499803639,21.3419622987302,0.6389907055897368
 Stanislaus,2015,65.55806174195938,36.825716939997854,41.251301299198445,2.8047374293330347,0.2829012786577595,0.5835422414557745,0.2707636000354794,16.932061678080753,1.0489755332409003
 Sutter,2015,69.59488843541966,31.91693905018266,43.29696212266872,3.287829263603153,0.2908094597192848,0.6681407421649682,0.3412805229763507,18.239280907517784,1.9587579311670833
 Tehama,2015,68.99398540947242,28.681759421923164,43.1568828930359,5.131094832443899,0.40107395008120916,0.9148463654744936,0.36461268189200835,20.94865590506812,0.40107395008120916
 Trinity,2015,65.04644242041662,32.8018854845418,33.55053375849161,5.115763205323721,1.6082074032995979,1.3309302647996673,0.4436434215998891,23.624012200194095,1.5250242617496186
 Tulare,2015,53.73505354188131,31.42089400486583,45.93412977958531,3.412614837140056,0.31301063945677043,0.5911616253313483,0.307926939976034,17.824902865027777,0.19535930861687062
 Tuolumne,2015,73.79565907887772,31.43403702944593,41.934822709571634,4.256336681013869,0.744688119150099,0.9530641524902643,0.30402404864384774,20.164651226344198,0.20837603334016536
 Ventura,2015,79.88504156913093,39.20644523673175,34.19702399645318,2.628710767923448,0.536641235475588,0.7179077457373506,0.2570058928934292,21.133827794506125,1.3224373302791275
 Yolo,2015,71.71035354073064,46.50308813049331,23.15108084567266,2.8396943542639956,1.0382848998337162,0.7710428379127405,0.45035236360756986,24.83668540660385,0.4097711616121625
 Yuba,2015,56.249085779960296,30.38858756222602,38.84018129132922,4.944646704807192,0.5052381306189166,0.9250315773831637,0.35292369418233155,23.865071699234715,0.17831934021844117
 Alameda,2016,83.05589279589218,57.43779426194827,12.09478498060009,1.8976801130686065,0.8168441615728779,0.5234824410575876,0.29662504613667257,26.209005878487257,0.7237831171286335
 Alpine,2016,75.92008412197687,38.227146814404435,30.886426592797783,3.4626038781163437,1.10803324099723,0.6925207756232686,0.2770083102493075,24.930747922437675,0.41551246537396125
 Amador,2016,81.35956157224258,30.06646741312397,45.71530534861935,4.135254494356961,0.5442298255788018,1.1999821563991613,0.2810367132087255,17.87928804032654,0.1784360083864924
 Butte,2016,76.47236287918224,34.97505318120287,35.512666795590796,3.5420614968091275,0.8965383871591568,1.0659446915490234,0.38599883968284665,22.541094565848,1.08064204215819
 Calaveras,2016,81.87434206881268,29.37574014549146,42.92674674335984,4.544070377262731,0.6564033158518018,1.3906276433767553,0.3011334799526307,20.00676704449332,0.7985112502114702
 Colusa,2016,69.12612035851473,33.19055336883538,41.28270432970595,2.7668441768927994,0.24311183144246357,0.694605232692753,0.24311183144246357,21.521185459597127,0.057883769391062746
 Contra Costa,2016,81.67544123815567,50.37390023291606,21.794523592010073,2.599935804054221,0.4999053521312231,0.6427824827370519,0.23686657942602238,23.682707422861988,0.16937853386336138
 Del Norte,2016,79.56212491664814,31.966755133398518,36.23411090934488,4.6794245006285795,0.7473110769660567,1.0755692135773152,0.5168319597709178,23.704427992736417,1.0755692135773152
 El Dorado,2016,84.94270730764461,29.443838604143945,42.448415322130536,3.9121064065465103,0.5959178766776291,1.3000283361526375,0.25760138761280793,21.191148816321622,0.850943250414309
 Fresno,2016,74.99905698874217,39.505238636285696,35.782297684392454,2.7351099507799086,0.33194413645373017,0.6371407081932134,0.3147982616369052,19.694209037933533,0.9992615843245555
 Glenn,2016,69.53247738230674,29.1468640436307,43.45929100116868,3.9968835216205685,0.31943903389170236,0.9037787300350604,0.3350214257888586,21.667315932995717,0.17140631086871835
 Humboldt,2016,78.8454223878894,45.52866119131179,23.656186306788715,3.176670646550164,2.474763920547053,1.0058251022106444,0.4329630835654932,23.53075967533799,0.19417007368814598
 Imperial,2016,72.15003803375753,49.84684209776461,19.50590548376526,2.272435851771645,0.24505264357662881,0.5157503312484862,0.4958041858410862,26.623829944863154,0.4943794611691291
 Inyo,2016,73.82906107036527,31.297334513622506,41.44782138290548,4.140847841054391,0.5409658699714763,0.9147241074063145,0.25572932035015244,20.891118323989378,0.5114586407003049
 Kern,2016,73.38250515037512,35.602097064756585,37.180019633013664,3.3279036903593275,0.2629421473339015,0.7793874931230516,0.3559832148520512,22.394041056730778,0.09762569983063829
 Kings,2016,64.75674601202604,34.08602563118717,44.02578466733175,2.574629729107513,0.1899317013276034,0.7251937687053949,0.2896938070754355,17.84398741462666,0.2647532806384775
 Lake,2016,71.57794872852517,39.010545726963635,27.346856451334062,4.01083386158013,1.1611825044660866,1.1035555811675213,0.5388117328415836,26.70431625655506,0.12389788509191493
 Lassen,2016,87.63424363301627,21.638655462184875,49.726890756302524,5.427170868347339,0.39215686274509803,0.8893557422969187,0.31512605042016806,20.945378151260506,0.665266106442577
 Los Angeles,2016,84.42948276399626,51.81545303665588,18.55959928633252,2.164282476943146,0.43872314205565244,0.5840187747921499,0.6029207220353495,25.042224818199628,0.7927777429856739
 Madera,2016,66.57116006142985,32.939090314361465,41.06325104155907,3.1573873222463247,0.3202148538374135,0.6989636056881177,0.3598113142581689,21.048101091485037,0.4131804565644045
 Marin,2016,88.70029071210675,56.170900836468796,16.542181037967598,2.126309897695824,0.9117198917876799,0.5845952921421687,0.1492583724618303,23.212786467240896,0.3022482042352063
 Mariposa,2016,73.39173465293567,28.965831435079725,44.76537585421412,4.164009111617313,0.8656036446469247,1.0569476082004556,0.31890660592255127,18.533029612756263,1.3302961275626424
 Mendocino,2016,80.10699549740356,48.081706194551614,20.616517498678053,3.380270656665557,2.4539276551575564,0.9518027457354928,0.5091948845498522,23.65797771293159,0.3486026517302834
 Merced,2016,63.976485923172724,45.0138685763276,29.619244540824045,3.0369660598113875,0.39941499823490845,0.6505623077311009,0.26425941802410613,20.93701144787937,0.07867265116748197
 Modoc,2016,69.95260663507109,22.99651567944251,51.25822686798297,4.781262098335269,0.4452187379016648,0.8130081300813009,0.2516453735965931,19.29926442121564,0.15485869144405728
 Mono,2016,68.73804971319312,35.29593571318188,32.375212486478134,3.971565445835265,0.7263174161644259,0.8190387884407356,0.3708854891052387,26.36377685056405,0.07726781023025807
 Monterey,2016,76.58625465818027,50.43275596654215,22.659403830213257,2.4011497098812615,0.5474040024544369,0.6292185632932514,0.3347937950114648,22.886008633589185,0.10926549901499574
 Napa,2016,82.01118630318297,47.004542319055616,24.354118672966045,3.03385264144313,0.8381815105488527,0.7900251194148347,0.27201853370296614,23.186651568987283,0.520609633881275
 Nevada,2016,88.87698048887569,36.52239608304639,34.97363030118119,3.504336834764416,1.1666594022868266,1.1782824100306557,0.2687820540760435,3.0030946258117943,19.382818288802685
 Orange,2016,76.43341489198622,34.012376187657544,37.793931201003325,2.5725227275539155,0.3337259904499017,0.8557711154131918,0.24568744623755692,23.933460572471937,0.25252475921262807
 Placer,2016,85.66760443921075,28.638800613483372,44.58804237808786,2.7049843314224593,0.4022117224827513,1.4656418370909927,0.20817771570261082,21.62175302432276,0.370388377407193
 Plumas,2016,74.66359332170445,30.42136003337505,43.8715060492282,4.839382561535253,0.5340008343763037,1.0429703796412182,0.3254067584480601,18.95702962035878,0.008343763037129746
 Riverside,2016,70.86558325922022,38.04264421614514,35.933590415354274,3.1254108896804134,0.28072964194950595,0.714727267375114,0.34136959956040935,21.018613915790922,0.542914054144221
 Sacramento,2016,78.1389964512835,43.94790810814308,27.895039884067725,3.044386794588964,0.5025457227329482,0.8718210813013916,0.6889948438601826,22.87010021155053,0.17920335375518362
 San Benito,2016,83.03618711385703,47.24702380952381,28.482851473922903,2.8557256235827664,0.42871315192743764,0.6519274376417233,0.2869897959183674,19.936933106575964,0.10983560090702948
 San Bernardino,2016,67.86427740611163,40.27447610918235,31.98242379949078,3.403868610919361,0.31879948514615114,0.698858920811379,0.4139551068164082,22.42992548582857,0.47769248180500645
 San Diego,2016,75.41880192096444,36.87075282741427,30.34455423975989,3.269695080995056,0.4154740797666665,0.8923676455460282,0.2645576284211864,27.685483822167896,0.25711467592900755
 San Francisco,2016,79.25295040536676,57.88154617600537,7.465824626552739,1.740901032331298,0.9355929029905036,0.604614967536077,0.27266184665014054,30.889973728504476,0.20888471942939948
 San Joaquin,2016,75.54849864951913,43.818604470266536,31.60300730285143,2.5325127971925454,0.2961828315677047,0.6345492785405068,0.3428540656329188,20.45456585281209,0.31772340113626507
 San Luis Obispo,2016,80.91340581975214,35.17119644353578,37.74345198119543,3.0185965517036437,0.6389035820203617,0.9568695507467744,0.20979810646808156,21.194957713497804,1.0662260708321198
 San Mateo,2016,78.58162165595235,51.84781071305894,16.93464468287163,2.0970984623466893,0.5281263259986665,0.5877331231941161,0.22428320300660726,27.57041684346649,0.2098866460568588
 Santa Barbara,2016,76.87186930096425,43.329760564706724,27.6796885861254,2.568357229026428,0.5740347918899648,0.7498329469062665,0.23544395761111833,24.23458290542328,0.6282990183108129
 Santa Clara,2016,73.3454294035073,47.01671435231313,19.571034854703512,2.0737543077049647,0.424371783504118,0.669122553634926,0.2478358638719526,29.845653902757846,0.1515123815095478
 Santa Cruz,2016,82.6064335752537,56.93255124502182,15.296527680582239,2.1566806204114872,1.1686791444530684,0.8677617599531765,0.2837402822134287,22.767930986220147,0.5261282811446312
 Shasta,2016,76.07512045227405,24.772549019607844,47.44803921568627,3.9568627450980394,0.4088235294117647,1.0588235294117647,0.3235294117647059,21.765686274509804,0.2656862745098039
 Sierra,2016,86.34276970160674,28.932210899424014,41.825431989366415,5.5383252104563585,0.8418254319893663,1.2405848471422243,0.08861320336730173,19.627824545857333,1.9051838723969872
 Siskiyou,2016,79.75224509832232,31.337122995039646,38.897136029544875,4.583801006553459,0.7639668344255766,1.1405192077917374,0.416380028241428,22.698142583004454,0.16293131539881966
 Solano,2016,77.75753532154968,48.013159649668786,23.356599831058553,2.9293557995820922,0.40012448317254257,0.7095540834926422,0.2925354554750367,23.810518828079847,0.488151869470502
 Sonoma,2016,78.03580550981327,53.327701220047395,19.811507065742124,2.413762836829632,1.1783551303431932,0.7947131279440591,0.2219930366599374,21.879662950934783,0.3723046314988736
 Stanislaus,2016,71.59985035362863,39.34080881133265,37.370202036957174,2.9318581428524038,0.28157449490760705,0.7053876521912218,0.3039677537073284,18.065139501708522,1.001061606343098
 Sutter,2016,75.15511594608384,31.536187452096794,41.508814190298914,3.2519435015876494,0.262783313259608,0.8102485492171247,0.33942844629366037,20.70294536296945,1.5876491842767984
 Tehama,2016,74.40632642333097,27.347565658117034,44.66594993088619,4.868683765934572,0.30410075257256947,1.007525725694978,0.30102902779910923,21.247120258024882,0.258024880970665
 Trinity,2016,71.41973125884017,33.5189998762223,32.62780047035524,5.025374427528159,1.3739324173783884,1.2377769525931428,0.4579774724594628,11.734125510582993,14.024012872880306
 Tulare,2016,59.02056521772457,32.81948051948052,42.37662337662338,3.1941558441558446,0.3012987012987013,0.7331168831168832,0.24545454545454545,20.214935064935066,0.11493506493506493
 Tuolumne,2016,76.17776915239435,31.096745430227372,43.2870517801414,4.053881918349149,0.6177950449015986,0.9903827781669957,0.0,19.511496083052034,0.4426469651614547
 Ventura,2016,80.44513053348467,41.269801851672085,32.30718521913259,2.4332262485015272,0.4228458678273669,0.7617095344631799,0.23998139749091887,21.39559454657513,1.1696553343372065
 Yolo,2016,75.58101606458453,48.94804984625344,21.125316933700166,2.7395659132186077,0.7750265235295176,0.7984031936127743,0.37762313211415005,24.6497995000989,0.5862149574724425
 Yuba,2016,69.80463651619051,28.465008606873628,37.030331809817774,4.977147266575652,0.43331156882531013,1.0268890603668308,0.5668665044221523,27.263014186502048,0.23743099661660833
 Alameda,2017,83.05589279589218,57.43779426194827,12.09478498060009,1.8976801130686065,0.8168441615728779,0.5234824410575876,0.29662504613667257,26.209005878487257,0.7237831171286335
 Alpine,2017,75.92008412197687,38.227146814404435,30.886426592797783,3.4626038781163437,1.10803324099723,0.6925207756232686,0.2770083102493075,24.930747922437675,0.41551246537396125
 Amador,2017,81.35956157224258,30.06646741312397,45.71530534861935,4.135254494356961,0.5442298255788018,1.1999821563991613,0.2810367132087255,17.87928804032654,0.1784360083864924
 Butte,2017,76.47236287918224,34.97505318120287,35.512666795590796,3.5420614968091275,0.8965383871591568,1.0659446915490234,0.38599883968284665,22.541094565848,1.08064204215819
 Calaveras,2017,81.87434206881268,29.37574014549146,42.92674674335984,4.544070377262731,0.6564033158518018,1.3906276433767553,0.3011334799526307,20.00676704449332,0.7985112502114702
 Colusa,2017,69.12612035851473,33.19055336883538,41.28270432970595,2.7668441768927994,0.24311183144246357,0.694605232692753,0.24311183144246357,21.521185459597127,0.057883769391062746
 Contra Costa,2017,81.67544123815567,50.37390023291606,21.794523592010073,2.599935804054221,0.4999053521312231,0.6427824827370519,0.23686657942602238,23.682707422861988,0.16937853386336138
 Del Norte,2017,79.56212491664814,31.966755133398518,36.23411090934488,4.6794245006285795,0.7473110769660567,1.0755692135773152,0.5168319597709178,23.704427992736417,1.0755692135773152
 El Dorado,2017,84.94270730764461,29.443838604143945,42.448415322130536,3.9121064065465103,0.5959178766776291,1.3000283361526375,0.25760138761280793,21.191148816321622,0.850943250414309
 Fresno,2017,74.99905698874217,39.505238636285696,35.782297684392454,2.7351099507799086,0.33194413645373017,0.6371407081932134,0.3147982616369052,19.694209037933533,0.9992615843245555
 Glenn,2017,69.53247738230674,29.1468640436307,43.45929100116868,3.9968835216205685,0.31943903389170236,0.9037787300350604,0.3350214257888586,21.667315932995717,0.17140631086871835
 Humboldt,2017,78.8454223878894,45.52866119131179,23.656186306788715,3.176670646550164,2.474763920547053,1.0058251022106444,0.4329630835654932,23.53075967533799,0.19417007368814598
 Imperial,2017,72.15003803375753,49.84684209776461,19.50590548376526,2.272435851771645,0.24505264357662881,0.5157503312484862,0.4958041858410862,26.623829944863154,0.4943794611691291
 Inyo,2017,73.82906107036527,31.297334513622506,41.44782138290548,4.140847841054391,0.5409658699714763,0.9147241074063145,0.25572932035015244,20.891118323989378,0.5114586407003049
 Kern,2017,73.38250515037512,35.602097064756585,37.180019633013664,3.3279036903593275,0.2629421473339015,0.7793874931230516,0.3559832148520512,22.394041056730778,0.09762569983063829
 Kings,2017,64.75674601202604,34.08602563118717,44.02578466733175,2.574629729107513,0.1899317013276034,0.7251937687053949,0.2896938070754355,17.84398741462666,0.2647532806384775
 Lake,2017,71.57794872852517,39.010545726963635,27.346856451334062,4.01083386158013,1.1611825044660866,1.1035555811675213,0.5388117328415836,26.70431625655506,0.12389788509191493
 Lassen,2017,87.63424363301627,21.638655462184875,49.726890756302524,5.427170868347339,0.39215686274509803,0.8893557422969187,0.31512605042016806,20.945378151260506,0.665266106442577
 Los Angeles,2017,84.42948276399626,51.81545303665588,18.55959928633252,2.164282476943146,0.43872314205565244,0.5840187747921499,0.6029207220353495,25.042224818199628,0.7927777429856739
 Madera,2017,66.57116006142985,32.939090314361465,41.06325104155907,3.1573873222463247,0.3202148538374135,0.6989636056881177,0.3598113142581689,21.048101091485037,0.4131804565644045
 Marin,2017,88.70029071210675,56.170900836468796,16.542181037967598,2.126309897695824,0.9117198917876799,0.5845952921421687,0.1492583724618303,23.212786467240896,0.3022482042352063
 Mariposa,2017,73.39173465293567,28.965831435079725,44.76537585421412,4.164009111617313,0.8656036446469247,1.0569476082004556,0.31890660592255127,18.533029612756263,1.3302961275626424
 Mendocino,2017,80.10699549740356,48.081706194551614,20.616517498678053,3.380270656665557,2.4539276551575564,0.9518027457354928,0.5091948845498522,23.65797771293159,0.3486026517302834
 Merced,2017,63.976485923172724,45.0138685763276,29.619244540824045,3.0369660598113875,0.39941499823490845,0.6505623077311009,0.26425941802410613,20.93701144787937,0.07867265116748197
 Modoc,2017,69.95260663507109,22.99651567944251,51.25822686798297,4.781262098335269,0.4452187379016648,0.8130081300813009,0.2516453735965931,19.29926442121564,0.15485869144405728
 Mono,2017,68.73804971319312,35.29593571318188,32.375212486478134,3.971565445835265,0.7263174161644259,0.8190387884407356,0.3708854891052387,26.36377685056405,0.07726781023025807
 Monterey,2017,76.58625465818027,50.43275596654215,22.659403830213257,2.4011497098812615,0.5474040024544369,0.6292185632932514,0.3347937950114648,22.886008633589185,0.10926549901499574
 Napa,2017,82.01118630318297,47.004542319055616,24.354118672966045,3.03385264144313,0.8381815105488527,0.7900251194148347,0.27201853370296614,23.186651568987283,0.520609633881275
 Nevada,2017,88.87698048887569,36.52239608304639,34.97363030118119,3.504336834764416,1.1666594022868266,1.1782824100306557,0.2687820540760435,3.0030946258117943,19.382818288802685
 Orange,2017,76.43341489198622,34.012376187657544,37.793931201003325,2.5725227275539155,0.3337259904499017,0.8557711154131918,0.24568744623755692,23.933460572471937,0.25252475921262807
 Placer,2017,85.66760443921075,28.638800613483372,44.58804237808786,2.7049843314224593,0.4022117224827513,1.4656418370909927,0.20817771570261082,21.62175302432276,0.370388377407193
 Plumas,2017,74.66359332170445,30.42136003337505,43.8715060492282,4.839382561535253,0.5340008343763037,1.0429703796412182,0.3254067584480601,18.95702962035878,0.008343763037129746
 Riverside,2017,70.86558325922022,38.04264421614514,35.933590415354274,3.1254108896804134,0.28072964194950595,0.714727267375114,0.34136959956040935,21.018613915790922,0.542914054144221
 Sacramento,2017,78.1389964512835,43.94790810814308,27.895039884067725,3.044386794588964,0.5025457227329482,0.8718210813013916,0.6889948438601826,22.87010021155053,0.17920335375518362
 San Benito,2017,83.03618711385703,47.24702380952381,28.482851473922903,2.8557256235827664,0.42871315192743764,0.6519274376417233,0.2869897959183674,19.936933106575964,0.10983560090702948
 San Bernardino,2017,67.86427740611163,40.27447610918235,31.98242379949078,3.403868610919361,0.31879948514615114,0.698858920811379,0.4139551068164082,22.42992548582857,0.47769248180500645
 San Diego,2017,75.41880192096444,36.87075282741427,30.34455423975989,3.269695080995056,0.4154740797666665,0.8923676455460282,0.2645576284211864,27.685483822167896,0.25711467592900755
 San Francisco,2017,79.25295040536676,57.88154617600537,7.465824626552739,1.740901032331298,0.9355929029905036,0.604614967536077,0.27266184665014054,30.889973728504476,0.20888471942939948
 San Joaquin,2017,75.54849864951913,43.818604470266536,31.60300730285143,2.5325127971925454,0.2961828315677047,0.6345492785405068,0.3428540656329188,20.45456585281209,0.31772340113626507
 San Luis Obispo,2017,80.91340581975214,35.17119644353578,37.74345198119543,3.0185965517036437,0.6389035820203617,0.9568695507467744,0.20979810646808156,21.194957713497804,1.0662260708321198
 San Mateo,2017,78.58162165595235,51.84781071305894,16.93464468287163,2.0970984623466893,0.5281263259986665,0.5877331231941161,0.22428320300660726,27.57041684346649,0.2098866460568588
 Santa Barbara,2017,76.87186930096425,43.329760564706724,27.6796885861254,2.568357229026428,0.5740347918899648,0.7498329469062665,0.23544395761111833,24.23458290542328,0.6282990183108129
 Santa Clara,2017,73.3454294035073,47.01671435231313,19.571034854703512,2.0737543077049647,0.424371783504118,0.669122553634926,0.2478358638719526,29.845653902757846,0.1515123815095478
